B0007_0009.png 1 1 1 360 360
B0007_0008.png 1 1 1 360 360
B0007_0020.png 1 1 1 360 360
B0007_0018.png 1 1 1 360 360
B0007_0019.png 1 1 1 360 360
B0007_0014.png 1 1 1 360 360
B0007_0001.png 1 1 1 360 360
B0007_0015.png 1 1 1 360 360
B0007_0003.png 1 1 1 360 360
B0007_0017.png 1 1 1 360 360
B0007_0016.png 1 1 1 360 360
B0007_0002.png 1 1 1 360 360
B0007_0006.png 1 1 1 360 360
B0007_0012.png 1 1 1 360 360
B0007_0013.png 1 1 1 360 360
B0007_0007.png 1 1 1 360 360
B0007_0011.png 1 1 1 360 360
B0007_0005.png 1 1 1 360 360
B0007_0004.png 1 1 1 360 360
B0007_0010.png 1 1 1 360 360
