B0049_0190.png 1 1 1 516 1299
B0049_0184.png 1 1 1 956 1185
B0049_0027.png 1 1 1 909 544
B0049_0033.png 1 1 1 1317 718
B0049_0032.png 1 1 1 1006 732
B0049_0026.png 1 1 1 626 557
B0049_0185.png 1 1 1 961 1179
B0049_0191.png 1 1 1 992 1151
B0049_0178.png 1 1 1 797 797
B0049_0187.png 1 1 1 718 1304
B0049_0193.png 1 1 1 790 1146
B0049_0030.png 1 1 1 1223 521
B0049_0024.png 1 1 1 989 507
B0049_0018.png 1 1 1 1311 703
B0049_0019.png 1 1 1 1059 715
B0049_0025.png 1 1 1 661 515
B0049_0031.png 1 1 1 544 744
B0049_0192.png 1 1 1 1008 1147
B0049_0186.png 1 1 1 509 1307
B0049_0179.png 1 1 1 1161 786
B0049_0169.png 1 1 1 943 1178
B0049_0182.png 1 1 1 629 1199
B0049_0196.png 1 1 1 1346 743
B0049_0009.png 1 1 1 1313 732
B0049_0035.png 1 1 1 1047 700
B0049_0021.png 1 1 1 1141 499
B0049_0020.png 1 1 1 635 725
B0049_0034.png 1 1 1 1331 709
B0049_0008.png 1 1 1 1281 719
B0049_0197.png 1 1 1 1224 737
B0049_0183.png 1 1 1 791 1191
B0049_0168.png 1 1 1 757 1172
B0049_0195.png 1 1 1 528 1153
B0049_0181.png 1 1 1 526 1205
B0049_0022.png 1 1 1 1412 497
B0049_0036.png 1 1 1 730 799
B0049_0037.png 1 1 1 1156 787
B0049_0023.png 1 1 1 1336 501
B0049_0180.png 1 1 1 1334 777
B0049_0194.png 1 1 1 673 1149
B0049_0118.png 1 1 1 770 1172
B0049_0044.png 1 1 1 1071 692
B0049_0050.png 1 1 1 670 490
B0049_0078.png 1 1 1 1299 543
B0049_0087.png 1 1 1 1111 811
B0049_0093.png 1 1 1 1294 706
B0049_0092.png 1 1 1 958 717
B0049_0086.png 1 1 1 679 815
B0049_0079.png 1 1 1 992 535
B0049_0051.png 1 1 1 1143 526
B0049_0045.png 1 1 1 658 693
B0049_0119.png 1 1 1 964 1164
B0049_0053.png 1 1 1 1326 530
B0049_0047.png 1 1 1 1419 497
B0049_0090.png 1 1 1 824 817
B0049_0084.png 1 1 1 1070 743
B0049_0085.png 1 1 1 647 741
B0049_0091.png 1 1 1 543 722
B0049_0046.png 1 1 1 1149 510
B0049_0052.png 1 1 1 1405 525
B0049_0056.png 1 1 1 951 726
B0049_0042.png 1 1 1 1311 713
B0049_0095.png 1 1 1 1080 710
B0049_0081.png 1 1 1 928 757
B0049_0080.png 1 1 1 658 530
B0049_0094.png 1 1 1 1338 706
B0049_0043.png 1 1 1 1308 700
B0049_0057.png 1 1 1 1284 716
B0049_0109.png 1 1 1 643 1180
B0049_0069.png 1 1 1 1337 706
B0049_0041.png 1 1 1 975 723
B0049_0055.png 1 1 1 646 557
B0049_0082.png 1 1 1 1275 750
B0049_0096.png 1 1 1 651 495
B0049_0097.png 1 1 1 852 488
B0049_0083.png 1 1 1 1291 741
B0049_0054.png 1 1 1 982 544
B0049_0040.png 1 1 1 814 775
B0049_0068.png 1 1 1 1272 697
B0049_0120.png 1 1 1 997 1158
B0049_0108.png 1 1 1 774 1179
B0049_0111.png 1 1 1 489 1315
B0049_0105.png 1 1 1 815 791
B0049_0065.png 1 1 1 832 805
B0049_0071.png 1 1 1 632 476
B0049_0059.png 1 1 1 1075 732
B0049_0058.png 1 1 1 1308 718
B0049_0070.png 1 1 1 1087 716
B0049_0064.png 1 1 1 1192 790
B0049_0104.png 1 1 1 660 783
B0049_0110.png 1 1 1 527 1185
B0049_0106.png 1 1 1 950 1190
B0049_0112.png 1 1 1 698 1307
B0049_0072.png 1 1 1 893 469
B0049_0066.png 1 1 1 559 705
B0049_0099.png 1 1 1 1440 481
B0049_0098.png 1 1 1 1293 482
B0049_0067.png 1 1 1 970 697
B0049_0073.png 1 1 1 1247 469
B0049_0113.png 1 1 1 770 1299
B0049_0107.png 1 1 1 954 1182
B0049_0103.png 1 1 1 801 779
B0049_0117.png 1 1 1 637 1182
B0049_0077.png 1 1 1 1403 554
B0049_0063.png 1 1 1 1282 791
B0049_0088.png 1 1 1 1285 816
B0049_0089.png 1 1 1 1191 818
B0049_0062.png 1 1 1 1119 797
B0049_0076.png 1 1 1 1134 565
B0049_0116.png 1 1 1 550 1186
B0049_0102.png 1 1 1 1193 779
B0049_0114.png 1 1 1 717 1295
B0049_0100.png 1 1 1 1271 482
B0049_0048.png 1 1 1 1314 488
B0049_0060.png 1 1 1 636 747
B0049_0074.png 1 1 1 1432 475
B0049_0075.png 1 1 1 1278 485
B0049_0061.png 1 1 1 701 807
B0049_0049.png 1 1 1 1002 487
B0049_0101.png 1 1 1 1328 784
B0049_0115.png 1 1 1 528 1296
B0049_0172.png 1 1 1 676 741
B0049_0166.png 1 1 1 602 1161
B0049_0199.png 1 1 1 669 740
B0049_0006.png 1 1 1 567 708
B0049_0012.png 1 1 1 1144 782
B0049_0013.png 1 1 1 1292 781
B0049_0007.png 1 1 1 1001 709
B0049_0198.png 1 1 1 796 735
B0049_0167.png 1 1 1 627 1167
B0049_0173.png 1 1 1 771 747
B0049_0165.png 1 1 1 521 1322
B0049_0171.png 1 1 1 883 736
B0049_0011.png 1 1 1 727 782
B0049_0005.png 1 1 1 1209 554
B0049_0039.png 1 1 1 1198 769
B0049_0038.png 1 1 1 1309 772
B0049_0004.png 1 1 1 1415 541
B0049_0010.png 1 1 1 1035 744
B0049_0170.png 1 1 1 982 1183
B0049_0164.png 1 1 1 709 1321
B0049_0174.png 1 1 1 1147 753
B0049_0028.png 1 1 1 1325 531
B0049_0014.png 1 1 1 1182 790
B0049_0001.png 1 1 1 621 518
B0049_0015.png 1 1 1 798 801
B0049_0029.png 1 1 1 1432 524
B0049_0175.png 1 1 1 1339 760
B0049_0161.png 1 1 1 483 1305
B0049_0177.png 1 1 1 660 805
B0049_0163.png 1 1 1 768 1317
B0049_0188.png 1 1 1 780 1301
B0049_0003.png 1 1 1 1282 528
B0049_0017.png 1 1 1 1299 698
B0049_0016.png 1 1 1 966 699
B0049_0002.png 1 1 1 926 522
B0049_0200.png 1 1 1 771 747
B0049_0189.png 1 1 1 717 1299
B0049_0162.png 1 1 1 696 1311
B0049_0176.png 1 1 1 837 808
