B0052_0137.png 1 0 0 861 861
B0052_0027.png 1 0 0 861 861
B0052_0065.png 1 0 0 861 861
B0052_0014.png 1 0 0 861 861
B0052_0022.png 1 0 0 861 861
B0052_0034.png 1 0 0 861 861
B0052_0044.png 1 0 0 861 861
B0052_0142.png 1 0 0 861 861
B0052_0067.png 1 0 0 861 861
B0052_0070.png 1 0 0 861 861
B0052_0024.png 1 0 0 861 861
B0052_0043.png 1 0 0 861 861
B0052_0131.png 1 0 0 861 861
B0052_0121.png 1 0 0 861 861
B0052_0042.png 1 0 0 861 861
B0052_0124.png 1 0 0 861 861
B0052_0126.png 1 0 0 861 861
B0052_0081.png 1 0 0 861 861
B0052_0012.png 1 0 0 861 861
B0052_0059.png 1 0 0 861 861
B0052_0046.png 1 0 0 861 861
B0052_0141.png 1 0 0 861 861
B0052_0013.png 1 0 0 861 861
B0052_0050.png 1 0 0 861 861
B0052_0001.png 1 0 0 861 861
B0052_0002.png 1 0 0 861 861
B0052_0080.png 1 0 0 861 861
B0052_0041.png 1 0 0 861 861
B0052_0026.png 1 0 0 861 861
B0052_0049.png 1 0 0 861 861
B0052_0058.png 1 0 0 861 861
B0052_0075.png 1 0 0 861 861
B0052_0122.png 1 0 0 861 861
B0052_0016.png 1 0 0 861 861
B0052_0120.png 1 0 0 861 861
B0052_0074.png 1 0 0 861 861
B0052_0071.png 1 0 0 861 861
B0052_0062.png 1 0 0 861 861
B0052_0029.png 1 0 0 861 861
B0052_0139.png 1 0 0 861 861
B0052_0040.png 1 0 0 861 861
B0052_0068.png 1 0 0 861 861
B0052_0128.png 1 0 0 861 861
B0052_0045.png 1 0 0 861 861
B0052_0055.png 1 0 0 861 861
B0052_0072.png 1 0 0 861 861
B0052_0011.png 1 0 0 861 861
B0052_0143.png 1 0 0 861 861
B0052_0015.png 1 0 0 861 861
B0052_0038.png 1 0 0 861 861
B0052_0028.png 1 0 0 861 861
B0052_0018.png 1 0 0 861 861
B0052_0066.png 1 0 0 861 861
B0052_0030.png 1 0 0 861 861
B0052_0007.png 1 0 0 861 861
B0052_0057.png 1 0 0 861 861
B0052_0063.png 1 0 0 861 861
B0052_0083.png 1 0 0 861 861
B0052_0051.png 1 0 0 861 861
B0052_0006.png 1 0 0 861 861
B0052_0039.png 1 0 0 861 861
B0052_0010.png 1 0 0 861 861
B0052_0082.png 1 0 0 861 861
B0052_0130.png 1 0 0 861 861
B0052_0054.png 1 0 0 861 861
B0052_0036.png 1 0 0 861 861
B0052_0133.png 1 0 0 861 861
B0052_0032.png 1 0 0 861 861
B0052_0135.png 1 0 0 861 861
B0052_0138.png 1 0 0 861 861
B0052_0136.png 1 0 0 861 861
B0052_0117.png 1 0 0 861 861
B0052_0048.png 1 0 0 861 861
B0052_0077.png 1 0 0 861 861
B0052_0125.png 1 0 0 861 861
B0052_0132.png 1 0 0 861 861
B0052_0019.png 1 0 0 861 861
B0052_0116.png 1 0 0 861 861
B0052_0047.png 1 0 0 861 861
B0052_0009.png 1 0 0 861 861
B0052_0060.png 1 0 0 861 861
B0052_0004.png 1 0 0 861 861
B0052_0144.png 1 0 0 861 861
B0052_0061.png 1 0 0 861 861
B0052_0086.png 1 0 0 861 861
B0052_0035.png 1 0 0 861 861
B0052_0053.png 1 0 0 861 861
B0052_0021.png 1 0 0 861 861
B0052_0023.png 1 0 0 861 861
B0052_0005.png 1 0 0 861 861
B0052_0084.png 1 0 0 861 861
B0052_0052.png 1 0 0 861 861
B0052_0079.png 1 0 0 861 861
B0052_0076.png 1 0 0 861 861
B0052_0020.png 1 0 0 861 861
B0052_0069.png 1 0 0 861 861
B0052_0064.png 1 0 0 861 861
B0052_0056.png 1 0 0 861 861
B0052_0073.png 1 0 0 861 861
B0052_0033.png 1 0 0 861 861
B0052_0008.png 1 0 0 861 861
B0052_0129.png 1 0 0 861 861
B0052_0017.png 1 0 0 861 861
B0052_0078.png 1 0 0 861 861
B0052_0031.png 1 0 0 861 861
B0052_0140.png 1 0 0 861 861
B0052_0127.png 1 0 0 861 861
B0052_0025.png 1 0 0 861 861
B0052_0118.png 1 0 0 861 861
B0052_0119.png 1 0 0 861 861
B0052_0003.png 1 0 0 861 861
B0052_0085.png 1 0 0 861 861
B0052_0037.png 1 0 0 861 861
B0052_0123.png 1 0 0 861 861
B0052_0134.png 1 0 0 861 861
