B0051_0014.png 1 1 1 407 407
B0051_0028.png 1 1 1 407 407
B0051_0029.png 1 1 1 407 407
B0051_0015.png 1 1 1 407 407
B0051_0001.png 1 1 1 407 407
B0051_0017.png 1 1 1 407 407
B0051_0003.png 1 1 1 407 407
B0051_0002.png 1 1 1 407 407
B0051_0016.png 1 1 1 407 407
B0051_0012.png 1 1 1 407 407
B0051_0006.png 1 1 1 407 407
B0051_0007.png 1 1 1 407 407
B0051_0013.png 1 1 1 407 407
B0051_0039.png 1 1 1 407 407
B0051_0005.png 1 1 1 407 407
B0051_0011.png 1 1 1 407 407
B0051_0010.png 1 1 1 407 407
B0051_0004.png 1 1 1 407 407
B0051_0038.png 1 1 1 407 407
B0051_0077.png 1 1 1 407 407
B0051_0088.png 1 1 1 407 407
B0051_0089.png 1 1 1 407 407
B0051_0100.png 1 1 1 407 407
B0051_0048.png 1 1 1 407 407
B0051_0049.png 1 1 1 407 407
B0051_0099.png 1 1 1 407 407
B0051_0098.png 1 1 1 407 407
B0051_0042.png 1 1 1 407 407
B0051_0081.png 1 1 1 407 407
B0051_0095.png 1 1 1 407 407
B0051_0094.png 1 1 1 407 407
B0051_0080.png 1 1 1 407 407
B0051_0043.png 1 1 1 407 407
B0051_0041.png 1 1 1 407 407
B0051_0096.png 1 1 1 407 407
B0051_0082.png 1 1 1 407 407
B0051_0083.png 1 1 1 407 407
B0051_0097.png 1 1 1 407 407
B0051_0040.png 1 1 1 407 407
B0051_0078.png 1 1 1 407 407
B0051_0050.png 1 1 1 407 407
B0051_0044.png 1 1 1 407 407
B0051_0093.png 1 1 1 407 407
B0051_0087.png 1 1 1 407 407
B0051_0086.png 1 1 1 407 407
B0051_0092.png 1 1 1 407 407
B0051_0045.png 1 1 1 407 407
B0051_0051.png 1 1 1 407 407
B0051_0079.png 1 1 1 407 407
B0051_0047.png 1 1 1 407 407
B0051_0084.png 1 1 1 407 407
B0051_0090.png 1 1 1 407 407
B0051_0091.png 1 1 1 407 407
B0051_0085.png 1 1 1 407 407
B0051_0052.png 1 1 1 407 407
B0051_0046.png 1 1 1 407 407
B0051_0021.png 1 1 1 407 407
B0051_0035.png 1 1 1 407 407
B0051_0009.png 1 1 1 407 407
B0051_0008.png 1 1 1 407 407
B0051_0034.png 1 1 1 407 407
B0051_0020.png 1 1 1 407 407
B0051_0036.png 1 1 1 407 407
B0051_0022.png 1 1 1 407 407
B0051_0023.png 1 1 1 407 407
B0051_0037.png 1 1 1 407 407
B0051_0033.png 1 1 1 407 407
B0051_0027.png 1 1 1 407 407
B0051_0026.png 1 1 1 407 407
B0051_0032.png 1 1 1 407 407
B0051_0018.png 1 1 1 407 407
B0051_0024.png 1 1 1 407 407
B0051_0030.png 1 1 1 407 407
B0051_0031.png 1 1 1 407 407
B0051_0025.png 1 1 1 407 407
B0051_0019.png 1 1 1 407 407
