B0076_0172.png 1 0 0 1258 1258
B0076_0467.png 1 0 0 1258 1258
B0076_0512.png 1 0 0 1258 1258
B0076_0494.png 1 0 0 1258 1258
B0076_0310.png 1 0 0 1258 1258
B0076_0279.png 1 0 0 1258 1258
B0076_0162.png 1 0 0 1258 1258
B0076_0507.png 1 0 0 1258 1258
B0076_0020.png 1 0 0 1258 1258
B0076_0295.png 1 0 0 1258 1258
B0076_0497.png 1 0 0 1258 1258
B0076_0045.png 1 0 0 1258 1258
B0076_0152.png 1 0 0 1258 1258
B0076_0225.png 1 0 0 1258 1258
B0076_0531.png 1 0 0 1258 1258
B0076_0167.png 1 0 0 1258 1258
B0076_0078.png 1 0 0 1258 1258
B0076_0008.png 1 0 0 1258 1258
B0076_0567.png 1 0 0 1258 1258
B0076_0254.png 1 0 0 1258 1258
B0076_0275.png 1 0 0 1258 1258
B0076_0272.png 1 0 0 1258 1258
B0076_0493.png 1 0 0 1258 1258
B0076_0071.png 1 0 0 1258 1258
B0076_0043.png 1 0 0 1258 1258
B0076_0474.png 1 0 0 1258 1258
B0076_0188.png 1 0 0 1258 1258
B0076_0501.png 1 0 0 1258 1258
B0076_0299.png 1 0 0 1258 1258
B0076_0143.png 1 0 0 1258 1258
B0076_0176.png 1 0 0 1258 1258
B0076_0190.png 1 0 0 1258 1258
B0076_0220.png 1 0 0 1258 1258
B0076_0183.png 1 0 0 1258 1258
B0076_0552.png 1 0 0 1258 1258
B0076_0208.png 1 0 0 1258 1258
B0076_0553.png 1 0 0 1258 1258
B0076_0041.png 1 0 0 1258 1258
B0076_0471.png 1 0 0 1258 1258
B0076_0322.png 1 0 0 1258 1258
B0076_0296.png 1 0 0 1258 1258
B0076_0478.png 1 0 0 1258 1258
B0076_0110.png 1 0 0 1258 1258
B0076_0154.png 1 0 0 1258 1258
B0076_0224.png 1 0 0 1258 1258
B0076_0108.png 1 0 0 1258 1258
B0076_0485.png 1 0 0 1258 1258
B0076_0106.png 1 0 0 1258 1258
B0076_0199.png 1 0 0 1258 1258
B0076_0289.png 1 0 0 1258 1258
B0076_0282.png 1 0 0 1258 1258
B0076_0314.png 1 0 0 1258 1258
B0076_0287.png 1 0 0 1258 1258
B0076_0062.png 1 0 0 1258 1258
B0076_0502.png 1 0 0 1258 1258
B0076_0099.png 1 0 0 1258 1258
B0076_0095.png 1 0 0 1258 1258
B0076_0031.png 1 0 0 1258 1258
B0076_0058.png 1 0 0 1258 1258
B0076_0535.png 1 0 0 1258 1258
B0076_0280.png 1 0 0 1258 1258
B0076_0529.png 1 0 0 1258 1258
B0076_0006.png 1 0 0 1258 1258
B0076_0250.png 1 0 0 1258 1258
B0076_0330.png 1 0 0 1258 1258
B0076_0336.png 1 0 0 1258 1258
B0076_0016.png 1 0 0 1258 1258
B0076_0290.png 1 0 0 1258 1258
B0076_0337.png 1 0 0 1258 1258
B0076_0216.png 1 0 0 1258 1258
B0076_0235.png 1 0 0 1258 1258
B0076_0469.png 1 0 0 1258 1258
B0076_0161.png 1 0 0 1258 1258
B0076_0294.png 1 0 0 1258 1258
B0076_0038.png 1 0 0 1258 1258
B0076_0475.png 1 0 0 1258 1258
B0076_0519.png 1 0 0 1258 1258
B0076_0112.png 1 0 0 1258 1258
B0076_0002.png 1 0 0 1258 1258
B0076_0166.png 1 0 0 1258 1258
B0076_0217.png 1 0 0 1258 1258
B0076_0187.png 1 0 0 1258 1258
B0076_0091.png 1 0 0 1258 1258
B0076_0177.png 1 0 0 1258 1258
B0076_0092.png 1 0 0 1258 1258
B0076_0160.png 1 0 0 1258 1258
B0076_0129.png 1 0 0 1258 1258
B0076_0270.png 1 0 0 1258 1258
B0076_0482.png 1 0 0 1258 1258
B0076_0151.png 1 0 0 1258 1258
B0076_0037.png 1 0 0 1258 1258
B0076_0215.png 1 0 0 1258 1258
B0076_0064.png 1 0 0 1258 1258
B0076_0119.png 1 0 0 1258 1258
B0076_0153.png 1 0 0 1258 1258
B0076_0113.png 1 0 0 1258 1258
B0076_0149.png 1 0 0 1258 1258
B0076_0540.png 1 0 0 1258 1258
B0076_0226.png 1 0 0 1258 1258
B0076_0115.png 1 0 0 1258 1258
B0076_0003.png 1 0 0 1258 1258
B0076_0473.png 1 0 0 1258 1258
B0076_0101.png 1 0 0 1258 1258
B0076_0158.png 1 0 0 1258 1258
B0076_0138.png 1 0 0 1258 1258
B0076_0283.png 1 0 0 1258 1258
B0076_0252.png 1 0 0 1258 1258
B0076_0515.png 1 0 0 1258 1258
B0076_0541.png 1 0 0 1258 1258
B0076_0206.png 1 0 0 1258 1258
B0076_0532.png 1 0 0 1258 1258
B0076_0034.png 1 0 0 1258 1258
B0076_0346.png 1 0 0 1258 1258
B0076_0504.png 1 0 0 1258 1258
B0076_0210.png 1 0 0 1258 1258
B0076_0085.png 1 0 0 1258 1258
B0076_0055.png 1 0 0 1258 1258
B0076_0131.png 1 0 0 1258 1258
B0076_0011.png 1 0 0 1258 1258
B0076_0538.png 1 0 0 1258 1258
B0076_0204.png 1 0 0 1258 1258
B0076_0050.png 1 0 0 1258 1258
B0076_0189.png 1 0 0 1258 1258
B0076_0035.png 1 0 0 1258 1258
B0076_0004.png 1 0 0 1258 1258
B0076_0184.png 1 0 0 1258 1258
B0076_0480.png 1 0 0 1258 1258
B0076_0536.png 1 0 0 1258 1258
B0076_0328.png 1 0 0 1258 1258
B0076_0477.png 1 0 0 1258 1258
B0076_0195.png 1 0 0 1258 1258
B0076_0525.png 1 0 0 1258 1258
B0076_0194.png 1 0 0 1258 1258
B0076_0558.png 1 0 0 1258 1258
B0076_0342.png 1 0 0 1258 1258
B0076_0052.png 1 0 0 1258 1258
B0076_0495.png 1 0 0 1258 1258
B0076_0135.png 1 0 0 1258 1258
B0076_0001.png 1 0 0 1258 1258
B0076_0258.png 1 0 0 1258 1258
B0076_0248.png 1 0 0 1258 1258
B0076_0499.png 1 0 0 1258 1258
B0076_0127.png 1 0 0 1258 1258
B0076_0060.png 1 0 0 1258 1258
B0076_0470.png 1 0 0 1258 1258
B0076_0200.png 1 0 0 1258 1258
B0076_0547.png 1 0 0 1258 1258
B0076_0327.png 1 0 0 1258 1258
B0076_0116.png 1 0 0 1258 1258
B0076_0528.png 1 0 0 1258 1258
B0076_0197.png 1 0 0 1258 1258
B0076_0345.png 1 0 0 1258 1258
B0076_0269.png 1 0 0 1258 1258
B0076_0238.png 1 0 0 1258 1258
B0076_0202.png 1 0 0 1258 1258
B0076_0196.png 1 0 0 1258 1258
B0076_0049.png 1 0 0 1258 1258
B0076_0487.png 1 0 0 1258 1258
B0076_0557.png 1 0 0 1258 1258
B0076_0271.png 1 0 0 1258 1258
B0076_0291.png 1 0 0 1258 1258
B0076_0212.png 1 0 0 1258 1258
B0076_0114.png 1 0 0 1258 1258
B0076_0192.png 1 0 0 1258 1258
B0076_0018.png 1 0 0 1258 1258
B0076_0236.png 1 0 0 1258 1258
B0076_0479.png 1 0 0 1258 1258
B0076_0209.png 1 0 0 1258 1258
B0076_0273.png 1 0 0 1258 1258
B0076_0015.png 1 0 0 1258 1258
B0076_0491.png 1 0 0 1258 1258
B0076_0023.png 1 0 0 1258 1258
B0076_0498.png 1 0 0 1258 1258
B0076_0174.png 1 0 0 1258 1258
B0076_0546.png 1 0 0 1258 1258
B0076_0309.png 1 0 0 1258 1258
B0076_0306.png 1 0 0 1258 1258
B0076_0070.png 1 0 0 1258 1258
B0076_0329.png 1 0 0 1258 1258
B0076_0563.png 1 0 0 1258 1258
B0076_0061.png 1 0 0 1258 1258
B0076_0228.png 1 0 0 1258 1258
B0076_0566.png 1 0 0 1258 1258
B0076_0081.png 1 0 0 1258 1258
B0076_0074.png 1 0 0 1258 1258
B0076_0123.png 1 0 0 1258 1258
B0076_0051.png 1 0 0 1258 1258
B0076_0338.png 1 0 0 1258 1258
B0076_0303.png 1 0 0 1258 1258
B0076_0157.png 1 0 0 1258 1258
B0076_0241.png 1 0 0 1258 1258
B0076_0147.png 1 0 0 1258 1258
B0076_0514.png 1 0 0 1258 1258
B0076_0496.png 1 0 0 1258 1258
B0076_0009.png 1 0 0 1258 1258
B0076_0284.png 1 0 0 1258 1258
B0076_0032.png 1 0 0 1258 1258
B0076_0013.png 1 0 0 1258 1258
B0076_0111.png 1 0 0 1258 1258
B0076_0517.png 1 0 0 1258 1258
B0076_0065.png 1 0 0 1258 1258
B0076_0560.png 1 0 0 1258 1258
B0076_0332.png 1 0 0 1258 1258
B0076_0089.png 1 0 0 1258 1258
B0076_0570.png 1 0 0 1258 1258
B0076_0343.png 1 0 0 1258 1258
B0076_0203.png 1 0 0 1258 1258
B0076_0030.png 1 0 0 1258 1258
B0076_0573.png 1 0 0 1258 1258
B0076_0044.png 1 0 0 1258 1258
B0076_0201.png 1 0 0 1258 1258
B0076_0087.png 1 0 0 1258 1258
B0076_0146.png 1 0 0 1258 1258
B0076_0084.png 1 0 0 1258 1258
B0076_0227.png 1 0 0 1258 1258
B0076_0293.png 1 0 0 1258 1258
B0076_0518.png 1 0 0 1258 1258
B0076_0022.png 1 0 0 1258 1258
B0076_0537.png 1 0 0 1258 1258
B0076_0339.png 1 0 0 1258 1258
B0076_0508.png 1 0 0 1258 1258
B0076_0304.png 1 0 0 1258 1258
B0076_0142.png 1 0 0 1258 1258
B0076_0462.png 1 0 0 1258 1258
B0076_0260.png 1 0 0 1258 1258
B0076_0468.png 1 0 0 1258 1258
B0076_0571.png 1 0 0 1258 1258
B0076_0141.png 1 0 0 1258 1258
B0076_0185.png 1 0 0 1258 1258
B0076_0564.png 1 0 0 1258 1258
B0076_0574.png 1 0 0 1258 1258
B0076_0340.png 1 0 0 1258 1258
B0076_0090.png 1 0 0 1258 1258
B0076_0262.png 1 0 0 1258 1258
B0076_0137.png 1 0 0 1258 1258
B0076_0124.png 1 0 0 1258 1258
B0076_0255.png 1 0 0 1258 1258
B0076_0286.png 1 0 0 1258 1258
B0076_0559.png 1 0 0 1258 1258
B0076_0263.png 1 0 0 1258 1258
B0076_0128.png 1 0 0 1258 1258
B0076_0164.png 1 0 0 1258 1258
B0076_0120.png 1 0 0 1258 1258
B0076_0214.png 1 0 0 1258 1258
B0076_0513.png 1 0 0 1258 1258
B0076_0229.png 1 0 0 1258 1258
B0076_0542.png 1 0 0 1258 1258
B0076_0302.png 1 0 0 1258 1258
B0076_0550.png 1 0 0 1258 1258
B0076_0219.png 1 0 0 1258 1258
B0076_0145.png 1 0 0 1258 1258
B0076_0047.png 1 0 0 1258 1258
B0076_0012.png 1 0 0 1258 1258
B0076_0028.png 1 0 0 1258 1258
B0076_0069.png 1 0 0 1258 1258
B0076_0132.png 1 0 0 1258 1258
B0076_0320.png 1 0 0 1258 1258
B0076_0569.png 1 0 0 1258 1258
B0076_0237.png 1 0 0 1258 1258
B0076_0311.png 1 0 0 1258 1258
B0076_0516.png 1 0 0 1258 1258
B0076_0021.png 1 0 0 1258 1258
B0076_0277.png 1 0 0 1258 1258
B0076_0523.png 1 0 0 1258 1258
B0076_0181.png 1 0 0 1258 1258
B0076_0096.png 1 0 0 1258 1258
B0076_0288.png 1 0 0 1258 1258
B0076_0180.png 1 0 0 1258 1258
B0076_0178.png 1 0 0 1258 1258
B0076_0522.png 1 0 0 1258 1258
B0076_0175.png 1 0 0 1258 1258
B0076_0057.png 1 0 0 1258 1258
B0076_0039.png 1 0 0 1258 1258
B0076_0261.png 1 0 0 1258 1258
B0076_0321.png 1 0 0 1258 1258
B0076_0130.png 1 0 0 1258 1258
B0076_0059.png 1 0 0 1258 1258
B0076_0033.png 1 0 0 1258 1258
B0076_0007.png 1 0 0 1258 1258
B0076_0326.png 1 0 0 1258 1258
B0076_0144.png 1 0 0 1258 1258
B0076_0066.png 1 0 0 1258 1258
B0076_0221.png 1 0 0 1258 1258
B0076_0244.png 1 0 0 1258 1258
B0076_0042.png 1 0 0 1258 1258
B0076_0117.png 1 0 0 1258 1258
B0076_0335.png 1 0 0 1258 1258
B0076_0029.png 1 0 0 1258 1258
B0076_0307.png 1 0 0 1258 1258
B0076_0017.png 1 0 0 1258 1258
B0076_0466.png 1 0 0 1258 1258
B0076_0489.png 1 0 0 1258 1258
B0076_0568.png 1 0 0 1258 1258
B0076_0063.png 1 0 0 1258 1258
B0076_0014.png 1 0 0 1258 1258
B0076_0554.png 1 0 0 1258 1258
B0076_0253.png 1 0 0 1258 1258
B0076_0278.png 1 0 0 1258 1258
B0076_0509.png 1 0 0 1258 1258
B0076_0075.png 1 0 0 1258 1258
B0076_0264.png 1 0 0 1258 1258
B0076_0218.png 1 0 0 1258 1258
B0076_0544.png 1 0 0 1258 1258
B0076_0325.png 1 0 0 1258 1258
B0076_0024.png 1 0 0 1258 1258
B0076_0317.png 1 0 0 1258 1258
B0076_0465.png 1 0 0 1258 1258
B0076_0481.png 1 0 0 1258 1258
B0076_0019.png 1 0 0 1258 1258
B0076_0171.png 1 0 0 1258 1258
B0076_0341.png 1 0 0 1258 1258
B0076_0251.png 1 0 0 1258 1258
B0076_0268.png 1 0 0 1258 1258
B0076_0136.png 1 0 0 1258 1258
B0076_0551.png 1 0 0 1258 1258
B0076_0323.png 1 0 0 1258 1258
B0076_0239.png 1 0 0 1258 1258
B0076_0072.png 1 0 0 1258 1258
B0076_0067.png 1 0 0 1258 1258
B0076_0026.png 1 0 0 1258 1258
B0076_0500.png 1 0 0 1258 1258
B0076_0122.png 1 0 0 1258 1258
B0076_0077.png 1 0 0 1258 1258
B0076_0040.png 1 0 0 1258 1258
B0076_0169.png 1 0 0 1258 1258
B0076_0484.png 1 0 0 1258 1258
B0076_0548.png 1 0 0 1258 1258
B0076_0243.png 1 0 0 1258 1258
B0076_0170.png 1 0 0 1258 1258
B0076_0256.png 1 0 0 1085 1234
B0076_0121.png 1 0 0 1258 1258
B0076_0139.png 1 0 0 1258 1258
B0076_0233.png 1 0 0 1258 1258
B0076_0102.png 1 0 0 1258 1258
B0076_0068.png 1 0 0 1258 1258
B0076_0080.png 1 0 0 1258 1258
B0076_0464.png 1 0 0 1258 1258
B0076_0533.png 1 0 0 1258 1258
B0076_0486.png 1 0 0 1258 1258
B0076_0182.png 1 0 0 1258 1258
B0076_0082.png 1 0 0 1258 1258
B0076_0521.png 1 0 0 1258 1258
B0076_0276.png 1 0 0 1258 1258
B0076_0488.png 1 0 0 1258 1258
B0076_0483.png 1 0 0 1258 1258
B0076_0274.png 1 0 0 1258 1258
B0076_0005.png 1 0 0 1258 1258
B0076_0562.png 1 0 0 1258 1258
B0076_0205.png 1 0 0 1258 1258
B0076_0126.png 1 0 0 1258 1258
B0076_0193.png 1 0 0 1258 1258
B0076_0168.png 1 0 0 1258 1258
B0076_0048.png 1 0 0 1258 1258
B0076_0285.png 1 0 0 1258 1258
B0076_0298.png 1 0 0 1258 1258
B0076_0539.png 1 0 0 1258 1258
B0076_0545.png 1 0 0 1258 1258
B0076_0333.png 1 0 0 1258 1258
B0076_0526.png 1 0 0 1258 1258
B0076_0281.png 1 0 0 1258 1258
B0076_0301.png 1 0 0 1258 1258
B0076_0156.png 1 0 0 1258 1258
B0076_0056.png 1 0 0 1258 1258
B0076_0231.png 1 0 0 1258 1258
B0076_0318.png 1 0 0 1258 1258
B0076_0246.png 1 0 0 1258 1258
B0076_0010.png 1 0 0 1258 1258
B0076_0324.png 1 0 0 1258 1258
B0076_0266.png 1 0 0 1258 1258
B0076_0575.png 1 0 0 1258 1258
B0076_0247.png 1 0 0 1258 1258
B0076_0242.png 1 0 0 1258 1258
B0076_0098.png 1 0 0 1258 1258
B0076_0565.png 1 0 0 1258 1258
B0076_0344.png 1 0 0 1258 1258
B0076_0046.png 1 0 0 1258 1258
B0076_0094.png 1 0 0 1258 1258
B0076_0245.png 1 0 0 1109 1258
B0076_0086.png 1 0 0 1258 1258
B0076_0530.png 1 0 0 1258 1258
B0076_0543.png 1 0 0 1258 1258
B0076_0100.png 1 0 0 1258 1258
B0076_0134.png 1 0 0 1258 1258
B0076_0259.png 1 0 0 1258 1258
B0076_0025.png 1 0 0 1258 1258
B0076_0234.png 1 0 0 1258 1258
B0076_0556.png 1 0 0 1258 1258
B0076_0133.png 1 0 0 1258 1258
B0076_0319.png 1 0 0 1258 1258
B0076_0257.png 1 0 0 1258 1258
B0076_0213.png 1 0 0 1258 1258
B0076_0503.png 1 0 0 1258 1258
B0076_0027.png 1 0 0 1258 1258
B0076_0313.png 1 0 0 1258 1258
B0076_0308.png 1 0 0 1258 1258
B0076_0036.png 1 0 0 1258 1258
B0076_0520.png 1 0 0 1258 1258
B0076_0088.png 1 0 0 1258 1258
B0076_0534.png 1 0 0 1258 1258
B0076_0331.png 1 0 0 1258 1258
B0076_0155.png 1 0 0 1258 1258
B0076_0083.png 1 0 0 1258 1258
B0076_0222.png 1 0 0 1258 1258
B0076_0292.png 1 0 0 1258 1258
B0076_0300.png 1 0 0 1258 1258
B0076_0524.png 1 0 0 1258 1258
B0076_0549.png 1 0 0 1258 1258
B0076_0118.png 1 0 0 1258 1258
B0076_0076.png 1 0 0 1258 1258
B0076_0104.png 1 0 0 1258 1258
B0076_0463.png 1 0 0 1258 1258
B0076_0179.png 1 0 0 1258 1258
B0076_0053.png 1 0 0 1258 1258
B0076_0511.png 1 0 0 1258 1258
B0076_0105.png 1 0 0 1258 1258
B0076_0198.png 1 0 0 1258 1258
B0076_0240.png 1 0 0 1258 1258
B0076_0297.png 1 0 0 1258 1258
B0076_0334.png 1 0 0 1258 1258
B0076_0315.png 1 0 0 1258 1258
B0076_0207.png 1 0 0 1258 1258
B0076_0140.png 1 0 0 1258 1258
B0076_0510.png 1 0 0 1258 1258
B0076_0527.png 1 0 0 1258 1258
B0076_0249.png 1 0 0 1258 1258
B0076_0150.png 1 0 0 1258 1258
B0076_0159.png 1 0 0 1258 1258
B0076_0107.png 1 0 0 1258 1258
B0076_0163.png 1 0 0 1258 1258
B0076_0316.png 1 0 0 1258 1258
B0076_0211.png 1 0 0 1258 1258
B0076_0054.png 1 0 0 1258 1258
B0076_0186.png 1 0 0 1258 1258
B0076_0490.png 1 0 0 1258 1258
B0076_0576.png 1 0 0 1258 1258
B0076_0173.png 1 0 0 1258 1258
B0076_0472.png 1 0 0 1258 1258
B0076_0267.png 1 0 0 1258 1258
B0076_0079.png 1 0 0 1258 1258
B0076_0093.png 1 0 0 1258 1258
B0076_0223.png 1 0 0 1258 1258
B0076_0230.png 1 0 0 1258 1258
B0076_0572.png 1 0 0 1258 1258
B0076_0476.png 1 0 0 1258 1258
B0076_0265.png 1 0 0 1258 1258
B0076_0505.png 1 0 0 1258 1258
B0076_0305.png 1 0 0 1258 1258
B0076_0232.png 1 0 0 1258 1258
B0076_0312.png 1 0 0 1258 1258
B0076_0148.png 1 0 0 1258 1258
B0076_0561.png 1 0 0 1258 1258
B0076_0492.png 1 0 0 1258 1258
B0076_0506.png 1 0 0 1258 1258
B0076_0191.png 1 0 0 1258 1258
B0076_0097.png 1 0 0 1258 1258
B0076_0165.png 1 0 0 1258 1258
B0076_0109.png 1 0 0 1258 1258
B0076_0103.png 1 0 0 1258 1258
B0076_0125.png 1 0 0 1258 1258
B0076_0555.png 1 0 0 1258 1258
B0076_0073.png 1 0 0 1258 1258
