B0049_0005.png 1 0 0 1209 554
B0076_0142.png 1 0 0 1258 1258
B0076_0151.png 1 0 0 1258 1258
B0076_0328.png 1 0 0 1258 1258
B0076_0102.png 1 0 0 1258 1258
B0052_0082.png 1 0 0 861 861
B0076_0197.png 1 0 0 1258 1258
B0076_0011.png 1 0 0 1258 1258
B0076_0507.png 1 0 0 1258 1258
B0051_0051.png 1 0 0 407 407
B0076_0087.png 1 0 0 1258 1258
B0007_0012.png 1 0 0 360 360
B0076_0337.png 1 0 0 1258 1258
B0049_0078.png 1 0 0 1299 543
B0049_0051.png 1 0 0 1143 526
B0052_0085.png 1 0 0 861 861
B0076_0557.png 1 0 0 1258 1258
B0076_0085.png 1 0 0 1258 1258
B0076_0182.png 1 0 0 1258 1258
B0076_0028.png 1 0 0 1258 1258
B0051_0049.png 1 0 0 407 407
B0076_0018.png 1 0 0 1258 1258
B0076_0316.png 1 0 0 1258 1258
B0049_0108.png 1 0 0 774 1179
B0049_0019.png 1 0 0 1059 715
B0076_0463.png 1 0 0 1258 1258
B0076_0094.png 1 0 0 1258 1258
B0076_0204.png 1 0 0 1258 1258
B0051_0008.png 1 0 0 407 407
B0049_0036.png 1 0 0 730 799
B0076_0476.png 1 0 0 1258 1258
B0049_0049.png 1 0 0 1002 487
B0051_0079.png 1 0 0 407 407
B0052_0009.png 1 0 0 861 861
B0076_0566.png 1 0 0 1258 1258
B0076_0230.png 1 0 0 1258 1258
B0052_0130.png 1 0 0 861 861
B0049_0103.png 1 0 0 801 779
B0052_0052.png 1 0 0 861 861
B0051_0035.png 1 0 0 407 407
B0007_0005.png 1 0 0 360 360
B0076_0288.png 1 0 0 1258 1258
B0052_0070.png 1 0 0 861 861
B0076_0062.png 1 0 0 1258 1258
B0052_0043.png 1 0 0 861 861
B0049_0081.png 1 0 0 928 757
B0076_0025.png 1 0 0 1258 1258
B0052_0037.png 1 0 0 861 861
B0051_0018.png 1 0 0 407 407
B0049_0011.png 1 0 0 727 782
B0076_0341.png 1 0 0 1258 1258
B0076_0320.png 1 0 0 1258 1258
B0076_0478.png 1 0 0 1258 1258
B0076_0343.png 1 0 0 1258 1258
B0076_0317.png 1 0 0 1258 1258
B0076_0051.png 1 0 0 1258 1258
B0051_0022.png 1 0 0 407 407
B0076_0129.png 1 0 0 1258 1258
B0049_0183.png 1 0 0 791 1191
B0076_0222.png 1 0 0 1258 1258
B0076_0513.png 1 0 0 1258 1258
B0076_0480.png 1 0 0 1258 1258
B0076_0089.png 1 0 0 1258 1258
B0076_0311.png 1 0 0 1258 1258
B0052_0086.png 1 0 0 861 861
B0076_0300.png 1 0 0 1258 1258
B0052_0073.png 1 0 0 861 861
B0076_0563.png 1 0 0 1258 1258
B0052_0135.png 1 0 0 861 861
B0052_0119.png 1 0 0 861 861
B0052_0021.png 1 0 0 861 861
B0051_0023.png 1 0 0 407 407
B0076_0281.png 1 0 0 1258 1258
B0051_0002.png 1 0 0 407 407
B0076_0466.png 1 0 0 1258 1258
B0076_0488.png 1 0 0 1258 1258
B0051_0096.png 1 0 0 407 407
B0076_0039.png 1 0 0 1258 1258
B0076_0024.png 1 0 0 1258 1258
B0076_0046.png 1 0 0 1258 1258
B0076_0141.png 1 0 0 1258 1258
B0076_0082.png 1 0 0 1258 1258
B0049_0163.png 1 0 0 768 1317
B0049_0117.png 1 0 0 637 1182
B0076_0243.png 1 0 0 1258 1258
B0049_0191.png 1 0 0 992 1151
B0049_0116.png 1 0 0 550 1186
B0052_0132.png 1 0 0 861 861
B0076_0171.png 1 0 0 1258 1258
B0076_0322.png 1 0 0 1258 1258
B0052_0013.png 1 0 0 861 861
B0051_0081.png 1 0 0 407 407
B0076_0241.png 1 0 0 1258 1258
B0076_0524.png 1 0 0 1258 1258
B0052_0028.png 1 0 0 861 861
B0076_0526.png 1 0 0 1258 1258
B0049_0106.png 1 0 0 950 1190
B0076_0186.png 1 0 0 1258 1258
B0051_0032.png 1 0 0 407 407
B0076_0040.png 1 0 0 1258 1258
B0052_0027.png 1 0 0 861 861
B0051_0050.png 1 0 0 407 407
B0076_0030.png 1 0 0 1258 1258
B0076_0477.png 1 0 0 1258 1258
B0049_0194.png 1 0 0 673 1149
B0076_0254.png 1 0 0 1258 1258
B0052_0054.png 1 0 0 861 861
B0076_0515.png 1 0 0 1258 1258
B0076_0235.png 1 0 0 1258 1258
B0076_0490.png 1 0 0 1258 1258
B0051_0041.png 1 0 0 407 407
B0076_0149.png 1 0 0 1258 1258
B0076_0289.png 1 0 0 1258 1258
B0076_0041.png 1 0 0 1258 1258
B0076_0187.png 1 0 0 1258 1258
B0076_0561.png 1 0 0 1258 1258
B0049_0196.png 1 0 0 1346 743
B0076_0108.png 1 0 0 1258 1258
B0049_0083.png 1 0 0 1291 741
B0049_0101.png 1 0 0 1328 784
B0076_0114.png 1 0 0 1258 1258
B0051_0082.png 1 0 0 407 407
B0052_0030.png 1 0 0 861 861
B0051_0015.png 1 0 0 407 407
B0007_0011.png 1 0 0 360 360
B0076_0093.png 1 0 0 1258 1258
B0076_0201.png 1 0 0 1258 1258
B0076_0221.png 1 0 0 1258 1258
B0076_0535.png 1 0 0 1258 1258
B0076_0247.png 1 0 0 1258 1258
B0007_0001.png 1 0 0 360 360
B0076_0218.png 1 0 0 1258 1258
B0052_0017.png 1 0 0 861 861
B0076_0304.png 1 0 0 1258 1258
B0052_0058.png 1 0 0 861 861
B0076_0265.png 1 0 0 1258 1258
B0076_0158.png 1 0 0 1258 1258
B0007_0010.png 1 0 0 360 360
B0049_0069.png 1 0 0 1337 706
B0049_0024.png 1 0 0 989 507
B0049_0068.png 1 0 0 1272 697
B0049_0197.png 1 0 0 1224 737
B0049_0014.png 1 0 0 1182 790
B0051_0036.png 1 0 0 407 407
B0076_0499.png 1 0 0 1258 1258
B0076_0131.png 1 0 0 1258 1258
B0076_0272.png 1 0 0 1258 1258
B0076_0244.png 1 0 0 1258 1258
B0076_0274.png 1 0 0 1258 1258
B0076_0081.png 1 0 0 1258 1258
B0051_0094.png 1 0 0 407 407
B0076_0569.png 1 0 0 1258 1258
B0051_0077.png 1 0 0 407 407
B0076_0530.png 1 0 0 1258 1258
B0076_0219.png 1 0 0 1258 1258
B0007_0014.png 1 0 0 360 360
B0076_0551.png 1 0 0 1258 1258
B0049_0115.png 1 0 0 528 1296
B0049_0119.png 1 0 0 964 1164
B0049_0082.png 1 0 0 1275 750
B0076_0008.png 1 0 0 1258 1258
B0052_0136.png 1 0 0 861 861
B0076_0318.png 1 0 0 1258 1258
B0076_0523.png 1 0 0 1258 1258
B0051_0007.png 1 0 0 407 407
B0076_0052.png 1 0 0 1258 1258
B0051_0011.png 1 0 0 407 407
B0076_0027.png 1 0 0 1258 1258
B0049_0007.png 1 0 0 1001 709
B0076_0332.png 1 0 0 1258 1258
B0076_0500.png 1 0 0 1258 1258
B0052_0039.png 1 0 0 861 861
B0076_0078.png 1 0 0 1258 1258
B0076_0133.png 1 0 0 1258 1258
B0076_0505.png 1 0 0 1258 1258
B0051_0010.png 1 0 0 407 407
B0051_0013.png 1 0 0 407 407
B0052_0061.png 1 0 0 861 861
B0076_0196.png 1 0 0 1258 1258
B0052_0002.png 1 0 0 861 861
B0052_0060.png 1 0 0 861 861
B0076_0538.png 1 0 0 1258 1258
B0052_0001.png 1 0 0 861 861
B0049_0190.png 1 0 0 516 1299
B0051_0019.png 1 0 0 407 407
B0052_0055.png 1 0 0 861 861
B0076_0224.png 1 0 0 1258 1258
B0049_0185.png 1 0 0 961 1179
B0076_0065.png 1 0 0 1258 1258
B0076_0498.png 1 0 0 1258 1258
B0076_0469.png 1 0 0 1258 1258
B0076_0298.png 1 0 0 1258 1258
B0076_0003.png 1 0 0 1258 1258
B0076_0290.png 1 0 0 1258 1258
B0076_0277.png 1 0 0 1258 1258
B0076_0263.png 1 0 0 1258 1258
B0076_0491.png 1 0 0 1258 1258
B0076_0342.png 1 0 0 1258 1258
B0076_0076.png 1 0 0 1258 1258
B0076_0340.png 1 0 0 1258 1258
B0051_0031.png 1 0 0 407 407
B0049_0025.png 1 0 0 661 515
B0076_0088.png 1 0 0 1258 1258
B0076_0138.png 1 0 0 1258 1258
B0049_0040.png 1 0 0 814 775
B0076_0037.png 1 0 0 1258 1258
B0051_0001.png 1 0 0 407 407
B0076_0237.png 1 0 0 1258 1258
B0076_0135.png 1 0 0 1258 1258
B0076_0334.png 1 0 0 1258 1258
B0076_0097.png 1 0 0 1258 1258
B0076_0308.png 1 0 0 1258 1258
B0076_0155.png 1 0 0 1258 1258
B0049_0199.png 1 0 0 669 740
B0076_0099.png 1 0 0 1258 1258
B0051_0098.png 1 0 0 407 407
B0052_0063.png 1 0 0 861 861
B0076_0212.png 1 0 0 1258 1258
B0076_0147.png 1 0 0 1258 1258
B0049_0188.png 1 0 0 780 1301
B0076_0245.png 1 0 0 1109 1258
B0049_0028.png 1 0 0 1325 531
B0076_0164.png 1 0 0 1258 1258
B0052_0139.png 1 0 0 861 861
B0076_0527.png 1 0 0 1258 1258
B0052_0131.png 1 0 0 861 861
B0052_0142.png 1 0 0 861 861
B0049_0177.png 1 0 0 660 805
B0076_0510.png 1 0 0 1258 1258
B0076_0270.png 1 0 0 1258 1258
B0076_0179.png 1 0 0 1258 1258
B0076_0080.png 1 0 0 1258 1258
B0076_0280.png 1 0 0 1258 1258
B0076_0181.png 1 0 0 1258 1258
B0076_0021.png 1 0 0 1258 1258
B0049_0096.png 1 0 0 651 495
B0051_0045.png 1 0 0 407 407
B0076_0117.png 1 0 0 1258 1258
B0007_0019.png 1 0 0 360 360
B0076_0120.png 1 0 0 1258 1258
B0076_0083.png 1 0 0 1258 1258
B0076_0178.png 1 0 0 1258 1258
B0076_0167.png 1 0 0 1258 1258
B0076_0100.png 1 0 0 1258 1258
B0052_0118.png 1 0 0 861 861
B0051_0078.png 1 0 0 407 407
B0076_0070.png 1 0 0 1258 1258
B0051_0043.png 1 0 0 407 407
B0076_0529.png 1 0 0 1258 1258
B0076_0543.png 1 0 0 1258 1258
B0052_0077.png 1 0 0 861 861
B0051_0092.png 1 0 0 407 407
B0052_0047.png 1 0 0 861 861
B0076_0292.png 1 0 0 1258 1258
B0076_0239.png 1 0 0 1258 1258
B0051_0014.png 1 0 0 407 407
B0076_0305.png 1 0 0 1258 1258
B0076_0533.png 1 0 0 1258 1258
B0052_0022.png 1 0 0 861 861
B0051_0027.png 1 0 0 407 407
B0076_0291.png 1 0 0 1258 1258
B0049_0008.png 1 0 0 1281 719
B0076_0279.png 1 0 0 1258 1258
B0076_0315.png 1 0 0 1258 1258
B0076_0140.png 1 0 0 1258 1258
B0049_0030.png 1 0 0 1223 521
B0052_0020.png 1 0 0 861 861
B0076_0474.png 1 0 0 1258 1258
B0076_0098.png 1 0 0 1258 1258
B0051_0052.png 1 0 0 407 407
B0049_0164.png 1 0 0 709 1321
B0049_0091.png 1 0 0 543 722
B0076_0075.png 1 0 0 1258 1258
B0052_0038.png 1 0 0 861 861
B0052_0126.png 1 0 0 861 861
B0076_0542.png 1 0 0 1258 1258
B0049_0062.png 1 0 0 1119 797
B0076_0468.png 1 0 0 1258 1258
B0076_0294.png 1 0 0 1258 1258
B0049_0034.png 1 0 0 1331 709
B0049_0086.png 1 0 0 679 815
B0076_0160.png 1 0 0 1258 1258
B0076_0016.png 1 0 0 1258 1258
B0049_0055.png 1 0 0 646 557
B0076_0346.png 1 0 0 1258 1258
B0052_0076.png 1 0 0 861 861
B0076_0479.png 1 0 0 1258 1258
B0049_0048.png 1 0 0 1314 488
B0076_0205.png 1 0 0 1258 1258
B0076_0226.png 1 0 0 1258 1258
B0049_0073.png 1 0 0 1247 469
B0052_0018.png 1 0 0 861 861
B0049_0114.png 1 0 0 717 1295
B0052_0078.png 1 0 0 861 861
B0076_0269.png 1 0 0 1258 1258
B0076_0271.png 1 0 0 1258 1258
B0052_0116.png 1 0 0 861 861
B0076_0090.png 1 0 0 1258 1258
B0049_0037.png 1 0 0 1156 787
B0076_0327.png 1 0 0 1258 1258
B0049_0056.png 1 0 0 951 726
B0076_0006.png 1 0 0 1258 1258
B0052_0051.png 1 0 0 861 861
B0051_0087.png 1 0 0 407 407
B0076_0567.png 1 0 0 1258 1258
B0049_0043.png 1 0 0 1308 700
B0076_0042.png 1 0 0 1258 1258
B0049_0187.png 1 0 0 718 1304
B0052_0040.png 1 0 0 861 861
B0076_0191.png 1 0 0 1258 1258
B0076_0508.png 1 0 0 1258 1258
B0076_0273.png 1 0 0 1258 1258
B0049_0200.png 1 0 0 771 747
B0076_0552.png 1 0 0 1258 1258
B0049_0176.png 1 0 0 837 808
B0076_0323.png 1 0 0 1258 1258
B0076_0029.png 1 0 0 1258 1258
B0076_0132.png 1 0 0 1258 1258
B0076_0339.png 1 0 0 1258 1258
B0051_0093.png 1 0 0 407 407
B0076_0285.png 1 0 0 1258 1258
B0007_0017.png 1 0 0 360 360
B0052_0133.png 1 0 0 861 861
B0076_0036.png 1 0 0 1258 1258
B0049_0054.png 1 0 0 982 544
B0076_0118.png 1 0 0 1258 1258
B0076_0261.png 1 0 0 1258 1258
B0076_0471.png 1 0 0 1258 1258
B0076_0495.png 1 0 0 1258 1258
B0076_0238.png 1 0 0 1258 1258
B0076_0208.png 1 0 0 1258 1258
B0076_0137.png 1 0 0 1258 1258
B0049_0090.png 1 0 0 824 817
B0076_0314.png 1 0 0 1258 1258
B0076_0532.png 1 0 0 1258 1258
B0076_0544.png 1 0 0 1258 1258
B0076_0048.png 1 0 0 1258 1258
B0051_0017.png 1 0 0 407 407
B0049_0189.png 1 0 0 717 1299
B0051_0099.png 1 0 0 407 407
B0076_0335.png 1 0 0 1258 1258
B0049_0058.png 1 0 0 1308 718
B0076_0128.png 1 0 0 1258 1258
B0076_0486.png 1 0 0 1258 1258
B0076_0275.png 1 0 0 1258 1258
B0049_0195.png 1 0 0 528 1153
B0076_0483.png 1 0 0 1258 1258
B0051_0088.png 1 0 0 407 407
B0076_0267.png 1 0 0 1258 1258
B0049_0004.png 1 0 0 1415 541
B0052_0125.png 1 0 0 861 861
B0076_0195.png 1 0 0 1258 1258
B0076_0231.png 1 0 0 1258 1258
B0076_0326.png 1 0 0 1258 1258
B0049_0045.png 1 0 0 658 693
B0052_0048.png 1 0 0 861 861
B0076_0168.png 1 0 0 1258 1258
B0052_0074.png 1 0 0 861 861
B0076_0188.png 1 0 0 1258 1258
B0051_0100.png 1 0 0 407 407
B0049_0021.png 1 0 0 1141 499
B0076_0023.png 1 0 0 1258 1258
B0076_0216.png 1 0 0 1258 1258
B0049_0094.png 1 0 0 1338 706
B0049_0186.png 1 0 0 509 1307
B0051_0006.png 1 0 0 407 407
B0076_0306.png 1 0 0 1258 1258
B0076_0134.png 1 0 0 1258 1258
B0052_0007.png 1 0 0 861 861
B0051_0086.png 1 0 0 407 407
B0007_0006.png 1 0 0 360 360
B0076_0214.png 1 0 0 1258 1258
B0076_0166.png 1 0 0 1258 1258
B0049_0017.png 1 0 0 1299 698
B0076_0148.png 1 0 0 1258 1258
B0052_0129.png 1 0 0 861 861
B0076_0310.png 1 0 0 1258 1258
B0052_0137.png 1 0 0 861 861
B0049_0198.png 1 0 0 796 735
B0076_0467.png 1 0 0 1258 1258
B0076_0217.png 1 0 0 1258 1258
B0052_0015.png 1 0 0 861 861
B0049_0173.png 1 0 0 771 747
B0076_0482.png 1 0 0 1258 1258
B0051_0009.png 1 0 0 407 407
B0051_0029.png 1 0 0 407 407
B0049_0098.png 1 0 0 1293 482
B0052_0117.png 1 0 0 861 861
B0052_0019.png 1 0 0 861 861
B0076_0493.png 1 0 0 1258 1258
B0049_0031.png 1 0 0 544 744
B0076_0136.png 1 0 0 1258 1258
B0049_0053.png 1 0 0 1326 530
B0076_0485.png 1 0 0 1258 1258
B0076_0211.png 1 0 0 1258 1258
B0052_0124.png 1 0 0 861 861
B0076_0194.png 1 0 0 1258 1258
B0076_0333.png 1 0 0 1258 1258
B0076_0496.png 1 0 0 1258 1258
B0007_0007.png 1 0 0 360 360
B0076_0276.png 1 0 0 1258 1258
B0049_0050.png 1 0 0 670 490
B0076_0146.png 1 0 0 1258 1258
B0076_0547.png 1 0 0 1258 1258
B0076_0116.png 1 0 0 1258 1258
B0076_0156.png 1 0 0 1258 1258
B0049_0099.png 1 0 0 1440 481
B0049_0074.png 1 0 0 1432 475
B0076_0126.png 1 0 0 1258 1258
B0052_0064.png 1 0 0 861 861
B0051_0033.png 1 0 0 407 407
B0076_0293.png 1 0 0 1258 1258
B0076_0240.png 1 0 0 1258 1258
B0076_0192.png 1 0 0 1258 1258
B0076_0215.png 1 0 0 1258 1258
B0049_0102.png 1 0 0 1193 779
B0076_0061.png 1 0 0 1258 1258
B0076_0045.png 1 0 0 1258 1258
B0051_0028.png 1 0 0 407 407
B0076_0319.png 1 0 0 1258 1258
B0049_0182.png 1 0 0 629 1199
B0052_0134.png 1 0 0 861 861
B0052_0011.png 1 0 0 861 861
B0076_0564.png 1 0 0 1258 1258
B0076_0572.png 1 0 0 1258 1258
B0076_0001.png 1 0 0 1258 1258
B0052_0036.png 1 0 0 861 861
B0076_0541.png 1 0 0 1258 1258
B0052_0035.png 1 0 0 861 861
B0049_0027.png 1 0 0 909 544
B0076_0047.png 1 0 0 1258 1258
B0049_0064.png 1 0 0 1192 790
B0049_0041.png 1 0 0 975 723
B0052_0084.png 1 0 0 861 861
B0076_0522.png 1 0 0 1258 1258
B0076_0210.png 1 0 0 1258 1258
B0076_0121.png 1 0 0 1258 1258
B0051_0021.png 1 0 0 407 407
B0076_0002.png 1 0 0 1258 1258
B0049_0169.png 1 0 0 943 1178
B0051_0024.png 1 0 0 407 407
B0076_0050.png 1 0 0 1258 1258
B0049_0018.png 1 0 0 1311 703
B0076_0301.png 1 0 0 1258 1258
B0051_0005.png 1 0 0 407 407
B0076_0297.png 1 0 0 1258 1258
B0076_0213.png 1 0 0 1258 1258
B0076_0053.png 1 0 0 1258 1258
B0076_0071.png 1 0 0 1258 1258
B0049_0174.png 1 0 0 1147 753
B0049_0110.png 1 0 0 527 1185
B0049_0060.png 1 0 0 636 747
B0052_0005.png 1 0 0 861 861
B0052_0041.png 1 0 0 861 861
B0049_0038.png 1 0 0 1309 772
B0049_0075.png 1 0 0 1278 485
B0076_0176.png 1 0 0 1258 1258
B0076_0199.png 1 0 0 1258 1258
B0052_0044.png 1 0 0 861 861
B0051_0047.png 1 0 0 407 407
B0076_0545.png 1 0 0 1258 1258
B0076_0574.png 1 0 0 1258 1258
B0076_0163.png 1 0 0 1258 1258
B0049_0085.png 1 0 0 647 741
B0076_0069.png 1 0 0 1258 1258
B0049_0063.png 1 0 0 1282 791
B0076_0110.png 1 0 0 1258 1258
B0076_0202.png 1 0 0 1258 1258
B0076_0525.png 1 0 0 1258 1258
B0052_0138.png 1 0 0 861 861
B0076_0236.png 1 0 0 1258 1258
B0076_0501.png 1 0 0 1258 1258
B0076_0162.png 1 0 0 1258 1258
B0049_0067.png 1 0 0 970 697
B0076_0295.png 1 0 0 1258 1258
B0051_0012.png 1 0 0 407 407
B0076_0336.png 1 0 0 1258 1258
B0076_0203.png 1 0 0 1258 1258
B0052_0128.png 1 0 0 861 861
B0076_0253.png 1 0 0 1258 1258
B0076_0173.png 1 0 0 1258 1258
B0076_0540.png 1 0 0 1258 1258
B0076_0111.png 1 0 0 1258 1258
B0007_0004.png 1 0 0 360 360
B0052_0045.png 1 0 0 861 861
B0076_0223.png 1 0 0 1258 1258
B0076_0007.png 1 0 0 1258 1258
B0076_0481.png 1 0 0 1258 1258
B0076_0119.png 1 0 0 1258 1258
B0052_0004.png 1 0 0 861 861
B0049_0165.png 1 0 0 521 1322
B0049_0112.png 1 0 0 698 1307
B0051_0097.png 1 0 0 407 407
B0049_0172.png 1 0 0 676 741
B0076_0248.png 1 0 0 1258 1258
B0052_0023.png 1 0 0 861 861
B0076_0092.png 1 0 0 1258 1258
B0076_0537.png 1 0 0 1258 1258
B0049_0170.png 1 0 0 982 1183
B0076_0209.png 1 0 0 1258 1258
B0052_0067.png 1 0 0 861 861
B0076_0473.png 1 0 0 1258 1258
B0049_0020.png 1 0 0 635 725
B0076_0330.png 1 0 0 1258 1258
B0076_0074.png 1 0 0 1258 1258
B0076_0260.png 1 0 0 1258 1258
B0076_0103.png 1 0 0 1258 1258
B0007_0018.png 1 0 0 360 360
B0049_0072.png 1 0 0 893 469
B0052_0144.png 1 0 0 861 861
B0076_0528.png 1 0 0 1258 1258
B0052_0010.png 1 0 0 861 861
B0076_0559.png 1 0 0 1258 1258
B0049_0066.png 1 0 0 559 705
B0076_0520.png 1 0 0 1258 1258
B0049_0079.png 1 0 0 992 535
B0076_0344.png 1 0 0 1258 1258
B0076_0470.png 1 0 0 1258 1258
B0007_0002.png 1 0 0 360 360
B0076_0026.png 1 0 0 1258 1258
B0052_0062.png 1 0 0 861 861
B0076_0517.png 1 0 0 1258 1258
B0076_0556.png 1 0 0 1258 1258
B0076_0255.png 1 0 0 1258 1258
B0076_0079.png 1 0 0 1258 1258
B0076_0153.png 1 0 0 1258 1258
B0076_0104.png 1 0 0 1258 1258
B0076_0536.png 1 0 0 1258 1258
B0052_0032.png 1 0 0 861 861
B0049_0001.png 1 0 0 621 518
B0076_0303.png 1 0 0 1258 1258
B0049_0097.png 1 0 0 852 488
B0076_0185.png 1 0 0 1258 1258
B0052_0049.png 1 0 0 861 861
B0052_0053.png 1 0 0 861 861
B0052_0025.png 1 0 0 861 861
B0076_0502.png 1 0 0 1258 1258
B0049_0166.png 1 0 0 602 1161
B0076_0015.png 1 0 0 1258 1258
B0007_0015.png 1 0 0 360 360
B0052_0121.png 1 0 0 861 861
B0076_0268.png 1 0 0 1258 1258
B0052_0071.png 1 0 0 861 861
B0007_0020.png 1 0 0 360 360
B0051_0080.png 1 0 0 407 407
B0076_0144.png 1 0 0 1258 1258
B0076_0055.png 1 0 0 1258 1258
B0076_0464.png 1 0 0 1258 1258
B0076_0534.png 1 0 0 1258 1258
B0076_0184.png 1 0 0 1258 1258
B0049_0047.png 1 0 0 1419 497
B0076_0105.png 1 0 0 1258 1258
B0076_0504.png 1 0 0 1258 1258
B0051_0016.png 1 0 0 407 407
B0076_0492.png 1 0 0 1258 1258
B0076_0472.png 1 0 0 1258 1258
B0076_0115.png 1 0 0 1258 1258
B0076_0207.png 1 0 0 1258 1258
B0076_0475.png 1 0 0 1258 1258
B0051_0020.png 1 0 0 407 407
B0052_0080.png 1 0 0 861 861
B0076_0554.png 1 0 0 1258 1258
B0052_0065.png 1 0 0 861 861
B0052_0033.png 1 0 0 861 861
B0076_0157.png 1 0 0 1258 1258
B0052_0031.png 1 0 0 861 861
B0076_0013.png 1 0 0 1258 1258
B0052_0127.png 1 0 0 861 861
B0076_0299.png 1 0 0 1258 1258
B0052_0057.png 1 0 0 861 861
B0076_0562.png 1 0 0 1258 1258
B0049_0171.png 1 0 0 883 736
B0076_0035.png 1 0 0 1258 1258
B0007_0009.png 1 0 0 360 360
B0076_0112.png 1 0 0 1258 1258
B0049_0077.png 1 0 0 1403 554
B0076_0180.png 1 0 0 1258 1258
B0076_0549.png 1 0 0 1258 1258
B0076_0282.png 1 0 0 1258 1258
B0049_0193.png 1 0 0 790 1146
B0076_0484.png 1 0 0 1258 1258
B0076_0511.png 1 0 0 1258 1258
B0076_0228.png 1 0 0 1258 1258
B0076_0257.png 1 0 0 1258 1258
B0076_0174.png 1 0 0 1258 1258
B0076_0169.png 1 0 0 1258 1258
B0076_0225.png 1 0 0 1258 1258
B0049_0111.png 1 0 0 489 1315
B0076_0190.png 1 0 0 1258 1258
B0076_0309.png 1 0 0 1258 1258
B0076_0175.png 1 0 0 1258 1258
B0049_0026.png 1 0 0 626 557
B0076_0259.png 1 0 0 1258 1258
B0076_0113.png 1 0 0 1258 1258
B0051_0039.png 1 0 0 407 407
B0076_0124.png 1 0 0 1258 1258
B0076_0519.png 1 0 0 1258 1258
B0076_0233.png 1 0 0 1258 1258
B0051_0046.png 1 0 0 407 407
B0049_0022.png 1 0 0 1412 497
B0076_0313.png 1 0 0 1258 1258
B0076_0130.png 1 0 0 1258 1258
B0076_0331.png 1 0 0 1258 1258
B0076_0325.png 1 0 0 1258 1258
B0076_0198.png 1 0 0 1258 1258
B0049_0057.png 1 0 0 1284 716
B0049_0179.png 1 0 0 1161 786
B0051_0025.png 1 0 0 407 407
B0052_0069.png 1 0 0 861 861
B0076_0246.png 1 0 0 1258 1258
B0076_0177.png 1 0 0 1258 1258
B0076_0152.png 1 0 0 1258 1258
B0076_0249.png 1 0 0 1258 1258
B0052_0046.png 1 0 0 861 861
B0076_0054.png 1 0 0 1258 1258
B0049_0167.png 1 0 0 627 1167
B0076_0019.png 1 0 0 1258 1258
B0076_0189.png 1 0 0 1258 1258
B0076_0159.png 1 0 0 1258 1258
B0076_0063.png 1 0 0 1258 1258
B0076_0509.png 1 0 0 1258 1258
B0076_0324.png 1 0 0 1258 1258
B0049_0161.png 1 0 0 483 1305
B0049_0084.png 1 0 0 1070 743
B0052_0024.png 1 0 0 861 861
B0049_0039.png 1 0 0 1198 769
B0049_0120.png 1 0 0 997 1158
B0076_0220.png 1 0 0 1258 1258
B0049_0033.png 1 0 0 1317 718
B0007_0008.png 1 0 0 360 360
B0052_0066.png 1 0 0 861 861
B0051_0037.png 1 0 0 407 407
B0049_0013.png 1 0 0 1292 781
B0049_0015.png 1 0 0 798 801
B0052_0016.png 1 0 0 861 861
B0049_0016.png 1 0 0 966 699
B0076_0127.png 1 0 0 1258 1258
B0076_0555.png 1 0 0 1258 1258
B0076_0073.png 1 0 0 1258 1258
B0049_0113.png 1 0 0 770 1299
B0076_0022.png 1 0 0 1258 1258
B0076_0066.png 1 0 0 1258 1258
B0052_0143.png 1 0 0 861 861
B0076_0321.png 1 0 0 1258 1258
B0076_0497.png 1 0 0 1258 1258
B0076_0012.png 1 0 0 1258 1258
B0076_0095.png 1 0 0 1258 1258
B0076_0107.png 1 0 0 1258 1258
B0052_0014.png 1 0 0 861 861
B0076_0143.png 1 0 0 1258 1258
B0076_0503.png 1 0 0 1258 1258
B0052_0083.png 1 0 0 861 861
B0076_0193.png 1 0 0 1258 1258
B0049_0118.png 1 0 0 770 1172
B0076_0038.png 1 0 0 1258 1258
B0076_0044.png 1 0 0 1258 1258
B0076_0101.png 1 0 0 1258 1258
B0076_0283.png 1 0 0 1258 1258
B0007_0003.png 1 0 0 360 360
B0076_0296.png 1 0 0 1258 1258
B0076_0010.png 1 0 0 1258 1258
B0076_0518.png 1 0 0 1258 1258
B0076_0043.png 1 0 0 1258 1258
B0051_0042.png 1 0 0 407 407
B0052_0122.png 1 0 0 861 861
B0076_0560.png 1 0 0 1258 1258
B0051_0030.png 1 0 0 407 407
B0076_0049.png 1 0 0 1258 1258
B0076_0034.png 1 0 0 1258 1258
B0052_0140.png 1 0 0 861 861
B0076_0506.png 1 0 0 1258 1258
B0076_0109.png 1 0 0 1258 1258
B0076_0338.png 1 0 0 1258 1258
B0049_0071.png 1 0 0 632 476
B0076_0009.png 1 0 0 1258 1258
B0049_0003.png 1 0 0 1282 528
B0076_0057.png 1 0 0 1258 1258
B0076_0258.png 1 0 0 1258 1258
B0076_0122.png 1 0 0 1258 1258
B0052_0008.png 1 0 0 861 861
B0076_0096.png 1 0 0 1258 1258
B0076_0565.png 1 0 0 1258 1258
B0076_0302.png 1 0 0 1258 1258
B0049_0010.png 1 0 0 1035 744
B0049_0109.png 1 0 0 643 1180
B0052_0029.png 1 0 0 861 861
B0049_0088.png 1 0 0 1285 816
B0076_0020.png 1 0 0 1258 1258
B0049_0192.png 1 0 0 1008 1147
B0076_0150.png 1 0 0 1258 1258
B0049_0100.png 1 0 0 1271 482
B0049_0162.png 1 0 0 696 1311
B0076_0571.png 1 0 0 1258 1258
B0076_0234.png 1 0 0 1258 1258
B0076_0345.png 1 0 0 1258 1258
B0076_0123.png 1 0 0 1258 1258
B0049_0095.png 1 0 0 1080 710
B0051_0004.png 1 0 0 407 407
B0049_0023.png 1 0 0 1336 501
B0007_0013.png 1 0 0 360 360
B0052_0141.png 1 0 0 861 861
B0076_0005.png 1 0 0 1258 1258
B0049_0093.png 1 0 0 1294 706
B0076_0329.png 1 0 0 1258 1258
B0076_0278.png 1 0 0 1258 1258
B0052_0079.png 1 0 0 861 861
B0076_0487.png 1 0 0 1258 1258
B0076_0033.png 1 0 0 1258 1258
B0049_0168.png 1 0 0 757 1172
B0076_0056.png 1 0 0 1258 1258
B0049_0080.png 1 0 0 658 530
B0076_0165.png 1 0 0 1258 1258
B0076_0251.png 1 0 0 1258 1258
B0076_0183.png 1 0 0 1258 1258
B0049_0181.png 1 0 0 526 1205
B0049_0065.png 1 0 0 832 805
B0049_0035.png 1 0 0 1047 700
B0049_0002.png 1 0 0 926 522
B0051_0003.png 1 0 0 407 407
B0076_0106.png 1 0 0 1258 1258
B0049_0006.png 1 0 0 567 708
B0076_0531.png 1 0 0 1258 1258
B0049_0061.png 1 0 0 701 807
B0007_0016.png 1 0 0 360 360
B0051_0026.png 1 0 0 407 407
B0076_0077.png 1 0 0 1258 1258
B0051_0083.png 1 0 0 407 407
B0051_0044.png 1 0 0 407 407
B0052_0034.png 1 0 0 861 861
B0076_0312.png 1 0 0 1258 1258
B0076_0200.png 1 0 0 1258 1258
B0051_0090.png 1 0 0 407 407
B0076_0032.png 1 0 0 1258 1258
B0049_0184.png 1 0 0 956 1185
B0076_0548.png 1 0 0 1258 1258
B0076_0058.png 1 0 0 1258 1258
B0076_0252.png 1 0 0 1258 1258
B0076_0307.png 1 0 0 1258 1258
B0052_0056.png 1 0 0 861 861
B0076_0256.png 1 0 0 1085 1234
B0049_0012.png 1 0 0 1144 782
B0076_0017.png 1 0 0 1258 1258
B0076_0059.png 1 0 0 1258 1258
B0052_0026.png 1 0 0 861 861
B0051_0048.png 1 0 0 407 407
B0052_0003.png 1 0 0 861 861
B0049_0175.png 1 0 0 1339 760
B0049_0092.png 1 0 0 958 717
B0076_0568.png 1 0 0 1258 1258
B0076_0287.png 1 0 0 1258 1258
B0052_0075.png 1 0 0 861 861
B0076_0521.png 1 0 0 1258 1258
B0049_0046.png 1 0 0 1149 510
B0076_0553.png 1 0 0 1258 1258
B0076_0242.png 1 0 0 1258 1258
B0049_0032.png 1 0 0 1006 732
B0076_0060.png 1 0 0 1258 1258
B0076_0172.png 1 0 0 1258 1258
B0076_0516.png 1 0 0 1258 1258
B0049_0042.png 1 0 0 1311 713
B0052_0006.png 1 0 0 861 861
B0076_0068.png 1 0 0 1258 1258
B0076_0031.png 1 0 0 1258 1258
B0076_0576.png 1 0 0 1258 1258
B0076_0546.png 1 0 0 1258 1258
B0076_0570.png 1 0 0 1258 1258
B0076_0462.png 1 0 0 1258 1258
B0049_0107.png 1 0 0 954 1182
B0076_0539.png 1 0 0 1258 1258
B0049_0105.png 1 0 0 815 791
B0076_0125.png 1 0 0 1258 1258
B0076_0575.png 1 0 0 1258 1258
B0052_0120.png 1 0 0 861 861
B0076_0139.png 1 0 0 1258 1258
B0076_0286.png 1 0 0 1258 1258
B0049_0087.png 1 0 0 1111 811
B0076_0229.png 1 0 0 1258 1258
B0076_0086.png 1 0 0 1258 1258
B0052_0059.png 1 0 0 861 861
B0076_0489.png 1 0 0 1258 1258
B0052_0042.png 1 0 0 861 861
B0076_0067.png 1 0 0 1258 1258
B0076_0558.png 1 0 0 1258 1258
B0052_0072.png 1 0 0 861 861
B0049_0029.png 1 0 0 1432 524
B0076_0161.png 1 0 0 1258 1258
B0049_0059.png 1 0 0 1075 732
B0076_0550.png 1 0 0 1258 1258
B0076_0465.png 1 0 0 1258 1258
B0049_0052.png 1 0 0 1405 525
B0076_0573.png 1 0 0 1258 1258
B0076_0250.png 1 0 0 1258 1258
B0051_0034.png 1 0 0 407 407
B0051_0095.png 1 0 0 407 407
B0076_0145.png 1 0 0 1258 1258
B0076_0170.png 1 0 0 1258 1258
B0076_0262.png 1 0 0 1258 1258
B0049_0089.png 1 0 0 1191 818
B0052_0081.png 1 0 0 861 861
B0051_0038.png 1 0 0 407 407
B0051_0040.png 1 0 0 407 407
B0049_0104.png 1 0 0 660 783
B0049_0044.png 1 0 0 1071 692
B0076_0064.png 1 0 0 1258 1258
B0051_0085.png 1 0 0 407 407
B0076_0512.png 1 0 0 1258 1258
B0049_0180.png 1 0 0 1334 777
B0076_0004.png 1 0 0 1258 1258
B0052_0068.png 1 0 0 861 861
B0076_0264.png 1 0 0 1258 1258
B0076_0154.png 1 0 0 1258 1258
B0076_0014.png 1 0 0 1258 1258
B0052_0050.png 1 0 0 861 861
B0076_0084.png 1 0 0 1258 1258
B0076_0514.png 1 0 0 1258 1258
B0076_0206.png 1 0 0 1258 1258
B0076_0494.png 1 0 0 1258 1258
B0076_0227.png 1 0 0 1258 1258
B0051_0084.png 1 0 0 407 407
B0076_0232.png 1 0 0 1258 1258
B0076_0091.png 1 0 0 1258 1258
B0076_0266.png 1 0 0 1258 1258
B0051_0091.png 1 0 0 407 407
B0076_0072.png 1 0 0 1258 1258
B0049_0178.png 1 0 0 797 797
B0052_0123.png 1 0 0 861 861
B0049_0076.png 1 0 0 1134 565
B0051_0089.png 1 0 0 407 407
B0052_0012.png 1 0 0 861 861
B0049_0009.png 1 0 0 1313 732
B0049_0070.png 1 0 0 1087 716
B0076_0284.png 1 0 0 1258 1258
